47.277
58.023
49.052
35.409
43.474
69.242
56.903
36.667
30.704
22.693
22.622
33.042
16.760
29.967
57.791
58.198
58.601
20.031
65.014
35.834
54.518
53.041
57.771
56.283
62.389
57.306
56.508
37.141
54.982
69.475
50.057
29.394
57.535
55.990
15.024
65.667
18.427
24.695
52.548
63.258
22.200
66.312
67.328
45.008
44.023
48.513
66.219
48.014
41.970
23.570
23.457
13.467
51.053
50.974
33.612
44.840
39.097
42.601
30.259
38.327
30.330
44.544
41.522
26.477
41.712
26.829
32.711
31.772
33.290
33.379
46.323
31.973
26.484
23.634
23.661
23.574
23.514
59.214
23.603
23.153
24.987
31.878
50.402
21.059
24.712
11.796
28.770
21.914
23.749
23.701
23.377
25.561
23.313
22.189
24.666
55.091
38.212
28.333
35.208
18.496
37.880
37.726
28.474
24.501
11.190
18.344
25.086
18.093
10.474
19.787
19.767
19.475
26.666
18.489
18.471
20.739
36.141
36.043
31.744
33.801
48.732
27.849
45.353
27.069
40.951
43.654
45.067
33.139
39.503
37.471
41.290
58.948
39.323
25.866
13.085
26.098
30.345
38.059
38.829
45.010
45.165
45.185
45.086
45.180
45.135
32.830
25.966
26.720
23.285
28.614
45.236
32.078
29.305
34.214
37.225
34.647
33.367
33.991
35.333
36.315
38.869
26.965
33.688
25.466
36.466
25.994
31.139
35.059
25.387
28.367
38.551
35.726
27.093
32.898
32.803
11.377
28.151
34.298
24.339
33.168
32.474
33.109
33.760
28.876
27.117
32.209
26.323
25.751
34.716
36.094
30.970
10.708
33.440
25.575
34.343
12.869
31.833
12.845
27.679
28.230
41.559
32.522
45.660
59.170
21.555
24.478
35.092
25.007
31.553
21.458
18.791
42.457
20.940
47.404
47.361
47.320
32.071
47.569
31.969
58.618
57.405
31.803
42.374
42.923
47.331
39.206
56.304
57.714
56.215
22.438
22.000
54.092
58.942
35.984
46.160
33.608
54.891
42.168
46.787
50.323
35.923
36.082
36.070
36.044
20.255
50.747
46.683
33.647
30.546
38.787
41.050
39.873
47.033
49.665
47.685
22.497
23.830
31.310
18.925
22.801
22.460
31.094
30.382
52.116
51.533
