2735960   32.41     85.2724 BURAR
2841791  -10.1584   33.8248 BURAR
3207691   30.8753   86.5166 BURAR
3275979   28.6831   63.9948 BURAR
3289309   43.0352   88.2506 BURAR
3335614    8.5416   93.67   BURAR
4212449   24.671    92.229  BURAR
4463947   13.5228   41.6994 BURAR
4726451   26.3803   53.5163 BURAR
4768216   32.682    47.792  BURAR
4767330   32.703    47.695  BURAR
4217886   26.56     57.77   BURAR
5110848   35.1549   26.8307 GERES
1020662   32.827    47.681  GERES
1201945   35.724    93.346  GERES
1202526   35.641    93.912  GERES
1206198   35.557    94.472  GERES
1262360   37.235    36.187  GERES
1268910   28.323   -69.58   GERES
1276871   28.036    51.782  GERES
1333366   -3.05     33.673  GERES
4600977   40.606    77.6593 EKB
4639682   56.0474  113.9039 EKB
4641089   67.7245 -162.3749 EKB
4221784   30.568   141.6838 ABKAR
4221990   51.8594  157.3653 ABKAR
4222020   43.0491  145.4084 ABKAR
4222929   23.9377   94.7314 ABKAR
4223764   43.7191  143.4694 ABKAR
4224915   51.288  -174.833  ABKAR
4225007   42.1989  133.6656 ABKAR
4225789   34.723    25.095  ABKAR
4309783   37.0674  140.7879 ABKAR
4309793   30.0386  131.1453 ABKAR
4310687   36.4392   70.7061 ABKAR
4310716    9.9337  123.9839 ABKAR
4368888   34.1765   45.6171 ABKAR
4370774   36.028    31.31   ABKAR
4222340   37.1356  140.6499 KKAR
4224054   -0.872   121.5648 KKAR
4309665   39.0234   41.4924 KKAR
4309832   19.0219  145.3493 KKAR
4309836   -7.3308  120.0106 KKAR
4310695    3.9633   95.8634 KKAR
4368380   -1.038    67.5906 KKAR
4368858   41.6623  137.8339 KKAR
4370329   20.8015  146.7576 KKAR
4370895   19.1181  120.2719 KKAR
4225258   20.1721  122.3193 MKAR
4309995   27.2085   65.5674 MKAR
4309998   27.3125   65.6201 MKAR
4310687   36.4392   70.7061 MKAR
4310709    9.8796  124.1167 MKAR
4310727    9.9194  124.0356 MKAR
4368364   14.2917   93.0654 MKAR
4368479   44.6308  148.1796 MKAR
4368612   24.8844  123.1619 MKAR
4368785   34.3343  137.0475 MKAR
4368846   34.4574   45.4824 MKAR
4368883   52.0925  142.1687 MKAR
4368888   34.1765   45.6171 MKAR
4370119   45.2805  148.1766 MKAR
4370858   19.1308  120.3026 MKAR
3344573   -4.651   153.173  ASAR
3377946  -33.435  -179.533  ASAR
3471427   -7.145   156.048  ASAR
3649291  -14.99    167.46   ASAR
4131985  -11.658   164.94   ASAR
4212805  -19.0139  169.4034 ASAR
4215377  -19.141   169.535  ASAR
4217996   21.941   143.745  ASAR
4223110  -16.8575  167.3184 ASAR
4225010   -6.6272  155.1351 ASAR
4722870   51.9558  178.4563 BCAR
4722871   51.9357  178.4288 BCAR
4722881   51.9593  178.5844 BCAR
4723822   52.1253  178.4648 BCAR
4724119   14.724   -92.4614 BCAR
4807666   52.1013  178.3045 BCAR
4894564   51.9238  179.578  BCAR
5003592   40.3178 -124.6067 BCAR
5006018   52.81    159.0059 BCAR
5006885   38.4821  142.0433 BCAR
5070434   50.5075 -173.29   BCAR
5111505   51.7467  176.3821 BCAR
4369640   56.7463 -155.0689 BMAR
4373120   54.6664  159.5622 BMAR
4599655   51.844  -175.9782 BMAR
4722870   51.9558  178.4563 BMAR
4722881   51.9593  178.5844 BMAR
4894564   51.9238  179.578  BMAR
5005156   57.0807  163.3076 BMAR
5006914   50.1375 -175.8006 BMAR
5070434   50.5075 -173.29   BMAR
5111505   51.7467  176.3821 BMAR
5113402   31.2467  142.3746 BMAR
1129904   47.077   148.63   ILAR
1366019   53.504   160.547  ILAR
1448353   47.6844  154.5439 ILAR
1835120   49.6126 -126.972  ILAR
2847824   32.2764 -115.2633 ILAR
2867991   46.0564  151.6371 ILAR
2878388   53.4244  160.3479 ILAR
3342708   57.601   163.195  ILAR
3800250   55.393  -134.652  ILAR
981868    49.165  -128.898  ILAR
4373120   54.6664  159.5622 IMAR
4599655   51.844  -175.9782 IMAR
4640798   59.0268 -136.7479 IMAR
4722881   51.9593  178.5844 IMAR
4807666   52.1013  178.3045 IMAR
4894564   51.9238  179.578  IMAR
5006018   52.81    159.0059 IMAR
5070434   50.5075 -173.29   IMAR
5075753   50.431  -172.9712 IMAR
5111505   51.7467  176.3821 IMAR
4221375   51.525  -166.941  NVAR
4221626   13.2316  -89.1292 NVAR
4222723   15.7743  -92.9177 NVAR
4223062   14.1526  -91.5958 NVAR
4223856    5.7732  -78.1999 NVAR
4224053   16.5498  -98.5517 NVAR
4224094   50.9465  178.4088 NVAR
4224321   16.8784  -99.498  NVAR
4309301   51.4389 -174.6365 NVAR
4368639   51.5477 -178.9984 NVAR
4370585   25.7194  -66.6056 NVAR
4371355   14.6437  -92.0592 NVAR
4374754   54.7996 -172.3636 NVAR
4374896   12.5559  -87.6879 NVAR
4518502   51.4224 -175.1775 NVAR
4597704   50.4282  156.2629 NVAR
4598442   11.642   -85.8779 NVAR
4599098   17.397  -100.9723 NVAR
4599933   49.6388 -127.7316 NVAR
4601478   17.2192 -100.8122 NVAR
4601496   60.0035 -152.1323 NVAR
4641089   67.7245 -162.3749 NVAR
4708493   51.769  -171.254  NVAR
4722865   51.8486  178.7352 NVAR
4722870   51.9558  178.4563 NVAR
4722871   51.9357  178.4288 NVAR
4722881   51.9593  178.5844 NVAR
4722901   51.9091  178.4438 NVAR
4723822   52.1253  178.4648 NVAR
4724119   14.724   -92.4614 NVAR
4725142   60.3491 -140.3333 NVAR
4725693   16.8435 -100.2147 NVAR
4726021   58.3062 -136.9601 NVAR
4726397   17.6818  -95.6533 NVAR
4807666   52.1013  178.3045 NVAR
4808898   14.64    -93.82   NVAR
4810500   17.4     -94.87   NVAR
1646172   13.9932  -91.1255 NVAR
2171524   52.8795 -168.6262 NVAR
2434455   13.8061  -90.6585 NVAR
2492101   54.5424 -161.7764 NVAR
2620877   14.465   -90.906  NVAR
2841431   13.4767  -89.9617 NVAR
2860302   13.1373  -88.8139 NVAR
2865043   52.0884 -171.3288 NVAR
2868835   16.9557  -99.5717 NVAR
2869015   14.6199  -91.2025 NVAR
2872958   18.0998 -100.6157 NVAR
3207070   13.0156  -88.7206 NVAR
3331199   17.9024  -99.9298 NVAR
3335914   55.146  -157.567  NVAR
3342835   13.834   -89.967  NVAR
3649015   18.346  -100.382  NVAR
4214573   16.188   -98.145  NVAR
4220195   11.7246  -86.9754 NVAR
1164671   12.479   -87.539  PDAR
1308828   18.229   -95.883  PDAR
1471208   13.8588  -91.189  PDAR
1646172   13.9932  -91.1255 PDAR
1684371   35.6653 -121.0549 PDAR
1789801   17.3222  -95.2659 PDAR
2069947   13.1587  -89.3753 PDAR
2368930   18.8472 -103.8824 PDAR
2434455   13.8061  -90.6585 PDAR
2620877   14.465   -90.906  PDAR
2781349   13.7492  -90.9182 PDAR
2841431   13.4767  -89.9617 PDAR
2844291   15.9785  -96.7683 PDAR
2868835   16.9557  -99.5717 PDAR
2869015   14.6199  -91.2025 PDAR
2869690   18.1507  -98.3936 PDAR
2872958   18.0998 -100.6157 PDAR
3207070   13.0156  -88.7206 PDAR
3286053   12.0073  -87.6376 PDAR
3320247   14.4358  -94.8285 PDAR
3334411   41.143  -123.79   PDAR
3342835   13.834   -89.967  PDAR
3649015   18.346  -100.382  PDAR
4221626   13.2316  -89.1292 PDAR
4368968   41.6832 -126.8781 PDAR
4371355   14.6437  -92.0592 PDAR
4482428   41.9039 -126.8982 PDAR
4726397   17.6818  -95.6533 PDAR
4810500   17.418   -94.822  PDAR
4225258   20.1721  122.3193 PSAR
4368972    2.044    96.8261 PSAR
4370930  -13.8633  167.249  PSAR
4600969   34.9118  139.4186 PSAR
4722716   -0.099   122.939  PSAR
5110097    2.1163  126.6942 PSAR
5112795   -5.3079  152.0066 PSAR
2842746   -8.9165  157.7206 WRA
2844731  -13.6853  166.7666 WRA
2848044   -0.2096  125.1145 WRA
2849415   -1.8988  128.1119 WRA
2874163  -33.1905  179.7819 WRA
2876260   -6.0605  150.7494 WRA
3207125   27.1309  143.2504 WRA
3207190   27.0103  143.6675 WRA
3207214   26.9742  143.6348 WRA
3275813  -20.6042  168.5854 WRA
3276120   27.2693  143.4217 WRA
3276654  -11.0379  166.3601 WRA
3277466   24.6094   94.7347 WRA
3279967   37.5456  141.5711 WRA
3286933  -20.3347  168.2754 WRA
3289355    1.1694   96.7487 WRA
3330042  -37.7416  179.4566 WRA
4243097   27.0355  143.3647 WRA
2879335  -43.3608  171.9023 WRA
3279585   36.401   141.8358 WRA
3279634   37.5501  143.9349 WRA
3280466   36.2777  142.1008 WRA
3324774    0.0406  123.4044 WRA
3329572   -3.5336  149.7181 WRA
3329926   34.1922  141.5666 WRA
4321370   38.9995  142.453  WRA
4722881   51.9593  178.5844 YKA
4641136   50.6829  157.0663 YKA
4599655   51.844  -175.9782 YKA
4598442   11.642   -85.8779 YKA
4373120   54.6664  159.5622 YKA
4726397   17.6818  -95.6533 YKA
4724119   14.724   -92.4614 YKA
4723822   52.1253  178.4648 YKA
4722901   51.9091  178.4438 YKA
4722871   51.9357  178.4288 YKA
4722870   51.9558  178.4563 YKA
4641089   67.7245 -162.3749 YKA
4599037   46.8033  153.3103 YKA
4597704   50.4282  156.2629 YKA
4489644   52.5754 -177.1562 YKA
4374753   53.6047 -171.821  YKA
4371550   73.7655    8.6289 YKA
4368624   54.6859  162.3024 YKA
2870856   61.9691 -150.8012 SPB
4218719   52.222   151.515  SPB
4722870   51.9558  178.4563 SPB
4810261   52.3188  158.0527 SPB
1164671   12.479   -87.539  TXAR
1803463   11.4154  -86.7081 TXAR
1958402    5.1703  -82.4529 TXAR
2620877   14.465   -90.906  TXAR
3286053   12.0073  -87.6376 TXAR
3317021   12.5433  -87.5201 TXAR
3533768   52.294  -132.082  TXAR
3915550   18.4158  -72.5363 TXAR
4368438   52.167  -168.3368 TXAR
4599109   67.7185 -162.6679 TXAR
